16	128.055	126.450
32	129.581	128.714
64	130.629	130.383
128	131.225	131.126
256	132.027	132.804
512	132.391	130.350
1024	132.993	129.600
2048	131.569	127.656
16	126.736	126.450	126.273	125.797	126.804	126.926	127.511
32	129.061	128.575	128.055	127.812	128.506	129.026	128.818
64	130.585	130.426	129.632	129.271	130.989	130.686	130.787
128	131.499	131.542	130.449	130.535	132.089	131.816	131.182
256	131.983	132.452	120.178	119.244	133.069	132.247	132.423
512	130.048	130.350	118.502	117.957	133.672	129.832	132.347
1024	129.471	129.557	115.458	115.045	133.951	129.772	132.434
2048	121.616	127.734	117.917	116.335	130.866	120.730	132.027
16	127.892
32	129.373
64	130.831
128	131.039
256	132.247
512	132.700
1024	132.907
2048	133.082
