64	130.441
128	131.269
4096	132.917
8192	131.763
16384	132.858
64	130.426
128	130.908
4096	134.207
8192	131.973
16384	130.772
64	130.730
128	131.586
4096	134.044
8192	135.016
16384	132.843
16	126.926	126.559
32	128.644	128.679
64	130.585	130.181
128	130.908	131.586
256	131.896	132.247
512	132.303	130.394
1024	132.778	129.945
2048	134.284	127.305
16	127.089	126.477	125.946	125.185	126.858	126.940	128.042
32	129.061	128.748	127.604	128.055	128.887	129.130	129.165
64	130.383	130.730	129.675	129.617	130.989	130.629	130.441
128	131.674	131.455	130.536	130.088	132.221	131.728	131.356
256	132.540	132.496	120.178	121.396	133.492	132.496	132.027
512	129.660	130.264	118.424	118.346	133.452	129.789	131.996
1024	129.343	129.858	115.420	115.533	133.166	129.557	132.864
2048	121.652	127.617	118.146	116.596	131.320	121.581	133.253
16	126.314
32	128.818
64	130.629
128	131.126
256	131.721
512	132.215
1024	132.606
2048	133.595
