64	130.686
128	131.083
4096	131.222
8192	133.971
16384	130.947
64	130.888
128	131.182
4096	131.339
8192	133.413
16384	133.341
64	130.730
128	131.313
4096	134.207
8192	132.098
16384	131.416
16	126.926	126.640
32	128.852	128.159
64	130.426	130.383
128	131.313	131.542
256	132.496	132.539
512	131.690	130.524
1024	132.907	129.815
2048	133.466	127.656
16	126.844	126.599	125.851	125.647	128.368	127.035	128.463
32	128.956	128.610	128.020	127.431	128.991	129.165	128.956
64	130.426	130.484	129.574	129.314	130.831	130.730	130.787
128	131.411	131.684	130.492	130.579	132.407	131.772	131.126
256	132.583	132.540	120.418	119.601	133.403	132.627	132.291
512	130.091	130.264	118.346	117.880	132.083	130.177	132.567
1024	129.600	129.858	115.722	114.933	132.092	129.729	132.950
2048	121.252	127.578	118.223	116.002	130.783	121.373	134.284
